num: 7
[
  [
    2.2666666666666666,
    "美竹兰",
    [
      1,
      31,
      13
    ]
  ],
  [
    2.3333333333333335,
    "山吹沙绫",
    [
      1,
      28,
      16
    ]
  ],
  [
    2.3555555555555556,
    "LOCK",
    [
      1,
      27,
      17
    ]
  ],
  [
    2.3555555555555556,
    "弦卷心",
    [
      1,
      27,
      17
    ]
  ],
  [
    2.3555555555555556,
    "户山香澄",
    [
      1,
      27,
      17
    ]
  ],
  [
    2.3777777777777778,
    "八幡海铃",
    [
      1,
      26,
      18
    ]
  ],
  [
    2.3777777777777778,
    "奥泽美咲",
    [
      1,
      26,
      18
    ]
  ],
  [
    2.4,
    "三角初华",
    [
      1,
      25,
      19
    ]
  ],
  [
    2.4,
    "青叶摩卡",
    [
      1,
      25,
      19
    ]
  ],
  [
    2.422222222222222,
    "牛込里美",
    [
      1,
      24,
      20
    ]
  ],
  [
    2.4444444444444446,
    "上原绯玛丽",
    [
      1,
      23,
      21
    ]
  ],
  [
    2.4444444444444446,
    "市谷有咲",
    [
      1,
      23,
      21
    ]
  ],
  [
    2.4444444444444446,
    "椎名立希",
    [
      1,
      23,
      21
    ]
  ],
  [
    2.4444444444444446,
    "羽泽鸫",
    [
      1,
      23,
      21
    ]
  ],
  [
    2.466666666666667,
    "千早爱音",
    [
      1,
      22,
      22
    ]
  ],
  [
    2.466666666666667,
    "广町七深",
    [
      1,
      22,
      22
    ]
  ],
  [
    2.466666666666667,
    "花园多惠",
    [
      1,
      22,
      22
    ]
  ],
  [
    2.466666666666667,
    "若宫伊芙",
    [
      1,
      22,
      22
    ]
  ],
  [
    2.488888888888889,
    "北泽育美",
    [
      1,
      21,
      23
    ]
  ],
  [
    2.488888888888889,
    "白金燐子",
    [
      1,
      21,
      23
    ]
  ],
  [
    2.511111111111111,
    "今井莉莎",
    [
      1,
      20,
      24
    ]
  ],
  [
    2.511111111111111,
    "松原花音",
    [
      1,
      20,
      24
    ]
  ],
  [
    2.533333333333333,
    "冰川日菜",
    [
      1,
      20,
      23,
      1
    ]
  ],
  [
    2.533333333333333,
    "凑友希那",
    [
      1,
      19,
      25
    ]
  ],
  [
    2.533333333333333,
    "高松灯",
    [
      1,
      20,
      23,
      1
    ]
  ],
  [
    2.5555555555555554,
    "丸山彩",
    [
      1,
      19,
      24,
      1
    ]
  ],
  [
    2.5555555555555554,
    "仓田真白",
    [
      1,
      18,
      26
    ]
  ],
  [
    2.5555555555555554,
    "桐谷透子",
    [
      1,
      19,
      24,
      1
    ]
  ],
  [
    2.5555555555555554,
    "长崎素世",
    [
      1,
      19,
      24,
      1
    ]
  ],
  [
    2.577777777777778,
    "LAYER",
    [
      1,
      17,
      27
    ]
  ],
  [
    2.577777777777778,
    "宇田川巴",
    [
      1,
      18,
      25,
      1
    ]
  ],
  [
    2.577777777777778,
    "白鹭千圣",
    [
      1,
      18,
      25,
      1
    ]
  ],
  [
    2.577777777777778,
    "若叶睦",
    [
      1,
      17,
      27
    ]
  ],
  [
    2.6,
    "丰川祥子",
    [
      1,
      18,
      24,
      2
    ]
  ],
  [
    2.6,
    "冰川纱夜",
    [
      1,
      16,
      28
    ]
  ],
  [
    2.6,
    "大和麻弥",
    [
      1,
      17,
      26,
      1
    ]
  ],
  [
    2.6222222222222222,
    "MASKING",
    [
      1,
      15,
      29
    ]
  ],
  [
    2.6444444444444444,
    "宇田川亚子",
    [
      1,
      15,
      28,
      1
    ]
  ],
  [
    2.6444444444444444,
    "要乐奈",
    [
      1,
      16,
      26,
      2
    ]
  ],
  [
    2.688888888888889,
    "濑田薰",
    [
      1,
      14,
      28,
      2
    ]
  ],
  [
    2.7111111111111112,
    "CHU²",
    [
      1,
      12,
      31,
      1
    ]
  ],
  [
    2.7111111111111112,
    "八潮瑠唯",
    [
      1,
      13,
      29,
      2
    ]
  ],
  [
    2.7111111111111112,
    "祐天寺若麦",
    [
      1,
      14,
      27,
      3
    ]
  ],
  [
    2.7333333333333334,
    "二叶筑紫",
    [
      1,
      13,
      28,
      3
    ]
  ],
  [
    2.8222222222222224,
    "PAREO",
    [
      1,
      10,
      30,
      4
    ]
  ]
]num: 6
[
  [
    2.4,
    "美竹兰",
    [
      7,
      175,
      133
    ]
  ],
  [
    2.4603174603174605,
    "户山香澄",
    [
      7,
      158,
      148,
      2
    ]
  ],
  [
    2.46984126984127,
    "山吹沙绫",
    [
      7,
      157,
      147,
      4
    ]
  ],
  [
    2.473015873015873,
    "LOCK",
    [
      7,
      154,
      152,
      2
    ]
  ],
  [
    2.4761904761904763,
    "弦卷心",
    [
      7,
      156,
      147,
      5
    ]
  ],
  [
    2.5047619047619047,
    "三角初华",
    [
      7,
      148,
      154,
      6
    ]
  ],
  [
    2.5206349206349206,
    "八幡海铃",
    [
      7,
      143,
      159,
      6
    ]
  ],
  [
    2.5238095238095237,
    "奥泽美咲",
    [
      7,
      139,
      166,
      3
    ]
  ],
  [
    2.53015873015873,
    "上原绯玛丽",
    [
      7,
      138,
      166,
      4
    ]
  ],
  [
    2.533333333333333,
    "青叶摩卡",
    [
      7,
      139,
      163,
      6
    ]
  ],
  [
    2.5365079365079364,
    "椎名立希",
    [
      7,
      137,
      166,
      5
    ]
  ],
  [
    2.549206349206349,
    "牛込里美",
    [
      7,
      132,
      172,
      4
    ]
  ],
  [
    2.5587301587301585,
    "市谷有咲",
    [
      7,
      130,
      173,
      5
    ]
  ],
  [
    2.5587301587301585,
    "羽泽鸫",
    [
      7,
      130,
      173,
      5
    ]
  ],
  [
    2.5619047619047617,
    "花园多惠",
    [
      7,
      129,
      174,
      5
    ]
  ],
  [
    2.5936507936507938,
    "广町七深",
    [
      7,
      127,
      168,
      13
    ]
  ],
  [
    2.5936507936507938,
    "若宫伊芙",
    [
      7,
      117,
      188,
      3
    ]
  ],
  [
    2.6031746031746033,
    "千早爱音",
    [
      7,
      123,
      173,
      12
    ]
  ],
  [
    2.6063492063492064,
    "北泽育美",
    [
      7,
      119,
      180,
      9
    ]
  ],
  [
    2.6126984126984127,
    "今井莉莎",
    [
      7,
      121,
      174,
      13
    ]
  ],
  [
    2.638095238095238,
    "白金燐子",
    [
      7,
      116,
      176,
      16
    ]
  ],
  [
    2.638095238095238,
    "高松灯",
    [
      7,
      119,
      170,
      19
    ]
  ],
  [
    2.6634920634920634,
    "丸山彩",
    [
      7,
      114,
      172,
      22
    ]
  ],
  [
    2.6634920634920634,
    "桐谷透子",
    [
      7,
      109,
      182,
      17
    ]
  ],
  [
    2.6666666666666665,
    "冰川日菜",
    [
      7,
      113,
      173,
      22
    ]
  ],
  [
    2.6666666666666665,
    "凑友希那",
    [
      7,
      109,
      181,
      18
    ]
  ],
  [
    2.6666666666666665,
    "松原花音",
    [
      7,
      108,
      183,
      17
    ]
  ],
  [
    2.679365079365079,
    "仓田真白",
    [
      7,
      104,
      187,
      17
    ]
  ],
  [
    2.6825396825396823,
    "长崎素世",
    [
      7,
      103,
      188,
      17
    ]
  ],
  [
    2.6857142857142855,
    "丰川祥子",
    [
      7,
      110,
      173,
      25
    ]
  ],
  [
    2.688888888888889,
    "LAYER",
    [
      7,
      93,
      206,
      9
    ]
  ],
  [
    2.688888888888889,
    "白鹭千圣",
    [
      7,
      103,
      186,
      19
    ]
  ],
  [
    2.6952380952380954,
    "宇田川巴",
    [
      7,
      97,
      196,
      15
    ]
  ],
  [
    2.7015873015873018,
    "大和麻弥",
    [
      7,
      103,
      182,
      23
    ]
  ],
  [
    2.707936507936508,
    "若叶睦",
    [
      7,
      95,
      196,
      17
    ]
  ],
  [
    2.723809523809524,
    "MASKING",
    [
      7,
      83,
      215,
      10
    ]
  ],
  [
    2.7333333333333334,
    "冰川纱夜",
    [
      7,
      94,
      190,
      24
    ]
  ],
  [
    2.746031746031746,
    "宇田川亚子",
    [
      7,
      83,
      208,
      17
    ]
  ],
  [
    2.7936507936507935,
    "要乐奈",
    [
      7,
      84,
      191,
      33
    ]
  ],
  [
    2.8095238095238093,
    "祐天寺若麦",
    [
      7,
      82,
      190,
      36
    ]
  ],
  [
    2.815873015873016,
    "濑田薰",
    [
      7,
      73,
      206,
      29
    ]
  ],
  [
    2.8253968253968256,
    "八潮瑠唯",
    [
      7,
      73,
      203,
      32
    ]
  ],
  [
    2.8380952380952382,
    "CHU²",
    [
      7,
      68,
      209,
      31
    ]
  ],
  [
    2.8380952380952382,
    "二叶筑紫",
    [
      7,
      75,
      195,
      38
    ]
  ],
  [
    2.9174603174603173,
    "PAREO",
    [
      7,
      58,
      204,
      46
    ]
  ]
]num: 5
[
  [
    2.552380952380952,
    "美竹兰",
    [
      21,
      403,
      499,
      22
    ]
  ],
  [
    2.605291005291005,
    "户山香澄",
    [
      21,
      375,
      505,
      44
    ]
  ],
  [
    2.6253968253968254,
    "弦卷心",
    [
      21,
      373,
      490,
      61
    ]
  ],
  [
    2.635978835978836,
    "LOCK",
    [
      21,
      351,
      524,
      49
    ]
  ],
  [
    2.643386243386243,
    "山吹沙绫",
    [
      21,
      352,
      516,
      55,
      1
    ]
  ],
  [
    2.6624338624338626,
    "三角初华",
    [
      21,
      349,
      503,
      72
    ]
  ],
  [
    2.6666666666666665,
    "上原绯玛丽",
    [
      21,
      328,
      541,
      55
    ]
  ],
  [
    2.687830687830688,
    "八幡海铃",
    [
      21,
      326,
      525,
      73
    ]
  ],
  [
    2.688888888888889,
    "椎名立希",
    [
      21,
      322,
      533,
      68,
      1
    ]
  ],
  [
    2.696296296296296,
    "奥泽美咲",
    [
      21,
      312,
      546,
      65,
      1
    ]
  ],
  [
    2.7058201058201057,
    "青叶摩卡",
    [
      21,
      314,
      532,
      78
    ]
  ],
  [
    2.7174603174603176,
    "羽泽鸫",
    [
      21,
      294,
      561,
      69
    ]
  ],
  [
    2.729100529100529,
    "市谷有咲",
    [
      21,
      298,
      542,
      84
    ]
  ],
  [
    2.729100529100529,
    "牛込里美",
    [
      21,
      292,
      555,
      76,
      1
    ]
  ],
  [
    2.7301587301587302,
    "花园多惠",
    [
      21,
      296,
      547,
      79,
      2
    ]
  ],
  [
    2.7470899470899472,
    "广町七深",
    [
      21,
      299,
      525,
      98,
      2
    ]
  ],
  [
    2.7661375661375662,
    "今井莉莎",
    [
      21,
      293,
      518,
      112,
      1
    ]
  ],
  [
    2.768253968253968,
    "若宫伊芙",
    [
      21,
      256,
      589,
      79
    ]
  ],
  [
    2.7735449735449738,
    "千早爱音",
    [
      21,
      282,
      533,
      108,
      1
    ]
  ],
  [
    2.77989417989418,
    "北泽育美",
    [
      21,
      277,
      538,
      107,
      2
    ]
  ],
  [
    2.7915343915343915,
    "高松灯",
    [
      21,
      283,
      515,
      124,
      2
    ]
  ],
  [
    2.8095238095238093,
    "丸山彩",
    [
      21,
      275,
      515,
      131,
      3
    ]
  ],
  [
    2.8190476190476192,
    "白金燐子",
    [
      21,
      258,
      541,
      121,
      4
    ]
  ],
  [
    2.823280423280423,
    "丰川祥子",
    [
      21,
      265,
      522,
      134,
      3
    ]
  ],
  [
    2.823280423280423,
    "凑友希那",
    [
      21,
      257,
      537,
      128,
      2
    ]
  ],
  [
    2.8243386243386244,
    "桐谷透子",
    [
      21,
      258,
      532,
      134
    ]
  ],
  [
    2.8306878306878307,
    "冰川日菜",
    [
      21,
      272,
      500,
      150,
      2
    ]
  ],
  [
    2.837037037037037,
    "长崎素世",
    [
      21,
      229,
      578,
      117
    ]
  ],
  [
    2.84021164021164,
    "仓田真白",
    [
      21,
      249,
      536,
      138,
      1
    ]
  ],
  [
    2.84021164021164,
    "松原花音",
    [
      21,
      248,
      538,
      137,
      1
    ]
  ],
  [
    2.8412698412698414,
    "LAYER",
    [
      21,
      202,
      628,
      94
    ]
  ],
  [
    2.8497354497354497,
    "大和麻弥",
    [
      21,
      248,
      529,
      146,
      1
    ]
  ],
  [
    2.853968253968254,
    "宇田川巴",
    [
      21,
      214,
      592,
      118
    ]
  ],
  [
    2.8550264550264552,
    "白鹭千圣",
    [
      21,
      237,
      546,
      140,
      1
    ]
  ],
  [
    2.875132275132275,
    "若叶睦",
    [
      21,
      219,
      564,
      139,
      2
    ]
  ],
  [
    2.888888888888889,
    "MASKING",
    [
      21,
      198,
      591,
      135
    ]
  ],
  [
    2.893121693121693,
    "冰川纱夜",
    [
      21,
      225,
      535,
      162,
      2
    ]
  ],
  [
    2.908994708994709,
    "宇田川亚子",
    [
      21,
      188,
      592,
      144
    ]
  ],
  [
    2.9544973544973545,
    "祐天寺若麦",
    [
      21,
      195,
      536,
      192,
      1
    ]
  ],
  [
    2.960846560846561,
    "要乐奈",
    [
      21,
      194,
      533,
      195,
      2
    ]
  ],
  [
    2.9703703703703703,
    "濑田薰",
    [
      21,
      175,
      560,
      189
    ]
  ],
  [
    2.9788359788359786,
    "八潮瑠唯",
    [
      21,
      172,
      560,
      190,
      2
    ]
  ],
  [
    2.9936507936507937,
    "二叶筑紫",
    [
      21,
      182,
      527,
      212,
      3
    ]
  ],
  [
    3.0095238095238095,
    "CHU²",
    [
      21,
      154,
      567,
      201,
      2
    ]
  ],
  [
    3.071957671957672,
    "PAREO",
    [
      21,
      135,
      548,
      237,
      4
    ]
  ]
]num: 4
[
  [
    2.78984126984127,
    "美竹兰",
    [
      35,
      466,
      882,
      180,
      11,
      1
    ]
  ],
  [
    2.834920634920635,
    "户山香澄",
    [
      35,
      460,
      828,
      235,
      16,
      1
    ]
  ],
  [
    2.8723809523809525,
    "弦卷心",
    [
      35,
      452,
      788,
      280,
      19,
      1
    ]
  ],
  [
    2.8895238095238094,
    "上原绯玛丽",
    [
      35,
      400,
      864,
      257,
      18,
      1
    ]
  ],
  [
    2.890793650793651,
    "LOCK",
    [
      35,
      415,
      836,
      268,
      18,
      3
    ]
  ],
  [
    2.899047619047619,
    "山吹沙绫",
    [
      35,
      407,
      840,
      270,
      21,
      2
    ]
  ],
  [
    2.89968253968254,
    "三角初华",
    [
      35,
      416,
      812,
      297,
      14,
      1
    ]
  ],
  [
    2.9180952380952383,
    "八幡海铃",
    [
      35,
      384,
      850,
      288,
      17,
      1
    ]
  ],
  [
    2.923174603174603,
    "椎名立希",
    [
      35,
      386,
      839,
      295,
      20
    ]
  ],
  [
    2.9561904761904763,
    "羽泽鸫",
    [
      35,
      348,
      870,
      297,
      23,
      2
    ]
  ],
  [
    2.9574603174603173,
    "青叶摩卡",
    [
      35,
      366,
      837,
      307,
      28,
      2
    ]
  ],
  [
    2.9625396825396826,
    "奥泽美咲",
    [
      35,
      360,
      841,
      308,
      30,
      1
    ]
  ],
  [
    2.97015873015873,
    "广町七深",
    [
      35,
      366,
      820,
      320,
      33,
      1
    ]
  ],
  [
    2.9834920634920636,
    "市谷有咲",
    [
      35,
      355,
      815,
      342,
      27,
      1
    ]
  ],
  [
    2.986031746031746,
    "花园多惠",
    [
      35,
      351,
      817,
      345,
      27
    ]
  ],
  [
    2.993015873015873,
    "牛込里美",
    [
      35,
      343,
      824,
      344,
      29
    ]
  ],
  [
    3.003174603174603,
    "今井莉莎",
    [
      35,
      357,
      787,
      362,
      32,
      2
    ]
  ],
  [
    3.012063492063492,
    "若宫伊芙",
    [
      35,
      303,
      865,
      352,
      20
    ]
  ],
  [
    3.013333333333333,
    "千早爱音",
    [
      35,
      338,
      804,
      368,
      29,
      1
    ]
  ],
  [
    3.0304761904761905,
    "高松灯",
    [
      35,
      343,
      789,
      359,
      45,
      4
    ]
  ],
  [
    3.0317460317460316,
    "北泽育美",
    [
      35,
      338,
      787,
      375,
      37,
      3
    ]
  ],
  [
    3.04,
    "丰川祥子",
    [
      35,
      331,
      788,
      380,
      39,
      2
    ]
  ],
  [
    3.0406349206349206,
    "丸山彩",
    [
      35,
      337,
      780,
      378,
      43,
      1,
      1
    ]
  ],
  [
    3.0514285714285716,
    "桐谷透子",
    [
      35,
      324,
      771,
      416,
      28,
      1
    ]
  ],
  [
    3.0565079365079364,
    "凑友希那",
    [
      35,
      321,
      786,
      386,
      47
    ]
  ],
  [
    3.057142857142857,
    "长崎素世",
    [
      35,
      276,
      856,
      382,
      24,
      2
    ]
  ],
  [
    3.0634920634920637,
    "白金燐子",
    [
      35,
      296,
      822,
      380,
      40,
      2
    ]
  ],
  [
    3.066666666666667,
    "冰川日菜",
    [
      35,
      341,
      734,
      418,
      43,
      4
    ]
  ],
  [
    3.076825396825397,
    "大和麻弥",
    [
      35,
      305,
      774,
      429,
      29,
      3
    ]
  ],
  [
    3.0787301587301585,
    "松原花音",
    [
      35,
      299,
      788,
      416,
      34,
      3
    ]
  ],
  [
    3.081269841269841,
    "LAYER",
    [
      35,
      244,
      887,
      376,
      33
    ]
  ],
  [
    3.083809523809524,
    "仓田真白",
    [
      35,
      309,
      770,
      413,
      46,
      2
    ]
  ],
  [
    3.0895238095238096,
    "宇田川巴",
    [
      35,
      251,
      856,
      406,
      25,
      2
    ]
  ],
  [
    3.0952380952380953,
    "白鹭千圣",
    [
      35,
      290,
      784,
      425,
      38,
      3
    ]
  ],
  [
    3.113650793650794,
    "若叶睦",
    [
      35,
      268,
      801,
      427,
      42,
      2
    ]
  ],
  [
    3.1276190476190475,
    "MASKING",
    [
      35,
      248,
      809,
      449,
      32,
      2
    ]
  ],
  [
    3.128253968253968,
    "冰川纱夜",
    [
      35,
      280,
      756,
      460,
      40,
      4
    ]
  ],
  [
    3.1365079365079365,
    "宇田川亚子",
    [
      35,
      243,
      801,
      466,
      28,
      2
    ]
  ],
  [
    3.1663492063492065,
    "祐天寺若麦",
    [
      35,
      243,
      774,
      473,
      48,
      2
    ]
  ],
  [
    3.1917460317460318,
    "要乐奈",
    [
      35,
      238,
      733,
      530,
      37,
      2
    ]
  ],
  [
    3.193650793650794,
    "八潮瑠唯",
    [
      35,
      214,
      785,
      495,
      44,
      2
    ]
  ],
  [
    3.193650793650794,
    "濑田薰",
    [
      35,
      225,
      758,
      518,
      36,
      2,
      1
    ]
  ],
  [
    3.217142857142857,
    "二叶筑紫",
    [
      35,
      237,
      718,
      525,
      56,
      4
    ]
  ],
  [
    3.2565079365079366,
    "CHU²",
    [
      35,
      190,
      748,
      541,
      60,
      1
    ]
  ],
  [
    3.2990476190476192,
    "PAREO",
    [
      35,
      174,
      717,
      586,
      60,
      3
    ]
  ]
]num: 3
[
  [
    3.198095238095238,
    "美竹兰",
    [
      35,
      299,
      709,
      408,
      103,
      18,
      2,
      1
    ]
  ],
  [
    3.222857142857143,
    "户山香澄",
    [
      35,
      307,
      665,
      433,
      111,
      23,
      1
    ]
  ],
  [
    3.2711111111111113,
    "弦卷心",
    [
      35,
      303,
      627,
      441,
      149,
      19,
      1
    ]
  ],
  [
    3.280634920634921,
    "上原绯玛丽",
    [
      35,
      273,
      658,
      461,
      124,
      21,
      2,
      1
    ]
  ],
  [
    3.2825396825396824,
    "三角初华",
    [
      35,
      278,
      637,
      480,
      125,
      17,
      3
    ]
  ],
  [
    3.295238095238095,
    "山吹沙绫",
    [
      35,
      262,
      666,
      456,
      128,
      27,
      1
    ]
  ],
  [
    3.3022222222222224,
    "八幡海铃",
    [
      35,
      260,
      651,
      480,
      125,
      21,
      2,
      1
    ]
  ],
  [
    3.3092063492063493,
    "LOCK",
    [
      35,
      275,
      636,
      459,
      142,
      24,
      3,
      1
    ]
  ],
  [
    3.3136507936507935,
    "椎名立希",
    [
      35,
      256,
      639,
      491,
      135,
      17,
      2
    ]
  ],
  [
    3.34984126984127,
    "羽泽鸫",
    [
      35,
      238,
      643,
      492,
      137,
      27,
      3
    ]
  ],
  [
    3.354285714285714,
    "广町七深",
    [
      35,
      251,
      630,
      473,
      157,
      25,
      3,
      1
    ]
  ],
  [
    3.363174603174603,
    "奥泽美咲",
    [
      35,
      239,
      623,
      494,
      166,
      17,
      1
    ]
  ],
  [
    3.3733333333333335,
    "市谷有咲",
    [
      35,
      241,
      599,
      520,
      162,
      17,
      1
    ]
  ],
  [
    3.375238095238095,
    "青叶摩卡",
    [
      35,
      243,
      620,
      490,
      152,
      31,
      3,
      1
    ]
  ],
  [
    3.379047619047619,
    "今井莉莎",
    [
      35,
      243,
      602,
      518,
      145,
      27,
      4,
      1
    ]
  ],
  [
    3.394920634920635,
    "牛込里美",
    [
      35,
      234,
      583,
      539,
      166,
      17,
      1
    ]
  ],
  [
    3.4006349206349205,
    "千早爱音",
    [
      35,
      235,
      591,
      526,
      157,
      28,
      3
    ]
  ],
  [
    3.4006349206349205,
    "花园多惠",
    [
      35,
      242,
      577,
      523,
      176,
      20,
      2
    ]
  ],
  [
    3.4146031746031746,
    "若宫伊芙",
    [
      35,
      202,
      611,
      552,
      154,
      19,
      2
    ]
  ],
  [
    3.419047619047619,
    "丰川祥子",
    [
      35,
      230,
      596,
      504,
      178,
      28,
      4
    ]
  ],
  [
    3.4234920634920636,
    "丸山彩",
    [
      35,
      232,
      602,
      491,
      175,
      33,
      6,
      1
    ]
  ],
  [
    3.4292063492063494,
    "长崎素世",
    [
      35,
      212,
      589,
      560,
      142,
      34,
      3
    ]
  ],
  [
    3.4349206349206347,
    "桐谷透子",
    [
      35,
      229,
      561,
      541,
      187,
      19,
      3
    ]
  ],
  [
    3.4380952380952383,
    "白金燐子",
    [
      35,
      203,
      609,
      532,
      162,
      29,
      5
    ]
  ],
  [
    3.4380952380952383,
    "高松灯",
    [
      35,
      240,
      591,
      474,
      185,
      45,
      4,
      1
    ]
  ],
  [
    3.438730158730159,
    "北泽育美",
    [
      35,
      233,
      565,
      527,
      180,
      33,
      2
    ]
  ],
  [
    3.4406349206349205,
    "凑友希那",
    [
      35,
      225,
      584,
      509,
      190,
      28,
      4
    ]
  ],
  [
    3.4438095238095237,
    "大和麻弥",
    [
      35,
      215,
      565,
      576,
      150,
      29,
      4,
      1
    ]
  ],
  [
    3.455238095238095,
    "冰川日菜",
    [
      35,
      238,
      559,
      513,
      185,
      39,
      5,
      1
    ]
  ],
  [
    3.464126984126984,
    "松原花音",
    [
      35,
      206,
      585,
      541,
      163,
      40,
      5
    ]
  ],
  [
    3.4717460317460316,
    "白鹭千圣",
    [
      35,
      203,
      577,
      548,
      173,
      34,
      5
    ]
  ],
  [
    3.473015873015873,
    "宇田川巴",
    [
      35,
      188,
      588,
      561,
      172,
      27,
      3,
      1
    ]
  ],
  [
    3.4761904761904763,
    "LAYER",
    [
      35,
      170,
      605,
      567,
      175,
      19,
      4
    ]
  ],
  [
    3.478095238095238,
    "仓田真白",
    [
      35,
      212,
      576,
      508,
      208,
      33,
      3
    ]
  ],
  [
    3.507936507936508,
    "冰川纱夜",
    [
      35,
      206,
      541,
      564,
      182,
      41,
      5,
      1
    ]
  ],
  [
    3.509206349206349,
    "若叶睦",
    [
      35,
      198,
      550,
      555,
      200,
      33,
      4
    ]
  ],
  [
    3.5155555555555558,
    "MASKING",
    [
      35,
      181,
      556,
      577,
      196,
      26,
      4
    ]
  ],
  [
    3.5174603174603174,
    "宇田川亚子",
    [
      35,
      183,
      539,
      599,
      190,
      27,
      2
    ]
  ],
  [
    3.532063492063492,
    "祐天寺若麦",
    [
      35,
      185,
      555,
      553,
      207,
      35,
      4,
      1
    ]
  ],
  [
    3.5714285714285716,
    "濑田薰",
    [
      35,
      172,
      516,
      612,
      195,
      40,
      5
    ]
  ],
  [
    3.572063492063492,
    "八潮瑠唯",
    [
      35,
      157,
      536,
      596,
      226,
      21,
      3,
      1
    ]
  ],
  [
    3.582222222222222,
    "要乐奈",
    [
      35,
      171,
      502,
      615,
      217,
      32,
      2,
      1
    ]
  ],
  [
    3.5917460317460317,
    "二叶筑紫",
    [
      35,
      181,
      497,
      590,
      230,
      36,
      5,
      1
    ]
  ],
  [
    3.6507936507936507,
    "CHU²",
    [
      35,
      137,
      500,
      612,
      258,
      28,
      5
    ]
  ],
  [
    3.678095238095238,
    "PAREO",
    [
      35,
      131,
      497,
      618,
      238,
      49,
      7
    ]
  ]
]